29
0 
2 1 0 
0 
1 1 
0 20
12 18 1 11 2 12 3 13 4 14 12 18 5 15 5 15 9 17 0 0 0 0 0 0 0 0 0 0 0 0 0 0 0 0 0 0 0 0 0 0 
0 
2 1 0 
2 1 0 
1 1 
1 20
1 11 12 18 2 12 3 13 4 14 12 18 5 15 5 15 9 17 0 0 0 0 0 0 0 0 0 0 0 0 0 0 0 0 0 0 0 0 0 0 
2 1 0 
2 2 1 
0 
1 2 
2 20
1 11 12 18 2 12 3 13 4 14 12 18 5 15 5 15 9 17 0 0 0 0 0 0 0 0 0 0 0 0 0 0 0 0 0 0 0 0 0 0 
0 
2 2 1 
2 2 1 
1 2 
3 20
1 11 2 12 12 18 3 13 4 14 12 18 5 15 5 15 9 17 0 0 0 0 0 0 0 0 0 0 0 0 0 0 0 0 0 0 0 0 0 0 
2 2 1 
2 1 0 
0 
1 2 
4 20
1 11 2 12 12 18 3 13 4 14 12 18 5 15 5 15 9 17 0 0 0 0 0 0 0 0 0 0 0 0 0 0 0 0 0 0 0 0 0 0 
2 1 0 
2 3 2 
0 
1 3 
5 20
1 11 2 12 12 18 3 13 4 14 12 18 5 15 5 15 9 17 0 0 0 0 0 0 0 0 0 0 0 0 0 0 0 0 0 0 0 0 0 0 
0 
2 3 2 
2 3 2 
1 3 
6 20
1 11 2 12 3 13 12 18 4 14 12 18 5 15 5 15 9 17 0 0 0 0 0 0 0 0 0 0 0 0 0 0 0 0 0 0 0 0 0 0 
2 3 2 
2 2 1 
0 
1 3 
7 20
1 11 2 12 3 13 12 18 4 14 12 18 5 15 5 15 9 17 0 0 0 0 0 0 0 0 0 0 0 0 0 0 0 0 0 0 0 0 0 0 
2 2 1 
2 4 3 
0 
1 4 
8 20
1 11 2 12 3 13 12 18 4 14 12 18 5 15 5 15 9 17 0 0 0 0 0 0 0 0 0 0 0 0 0 0 0 0 0 0 0 0 0 0 
0 
2 4 3 
2 4 3 
1 4 
9 20
1 11 2 12 3 13 4 14 12 18 12 18 5 15 5 15 9 17 0 0 0 0 0 0 0 0 0 0 0 0 0 0 0 0 0 0 0 0 0 0 
2 4 3 
2 3 2 
0 
1 4 
10 20
1 11 2 12 3 13 4 14 12 18 12 18 5 15 5 15 9 17 0 0 0 0 0 0 0 0 0 0 0 0 0 0 0 0 0 0 0 0 0 0 
2 3 2 
2 5 4 
0 
1 5 
11 20
1 11 2 12 3 13 4 14 12 18 12 18 5 15 5 15 9 17 0 0 0 0 0 0 0 0 0 0 0 0 0 0 0 0 0 0 0 0 0 0 
2 5 4 
2 6 5 
0 
1 6 
12 20
1 11 2 12 3 13 4 14 12 18 12 18 5 15 5 15 9 17 0 0 0 0 0 0 0 0 0 0 0 0 0 0 0 0 0 0 0 0 0 0 
0 
2 6 5 
2 6 5 
1 6 
13 20
1 11 2 12 3 13 4 14 12 18 5 15 12 18 5 15 9 17 0 0 0 0 0 0 0 0 0 0 0 0 0 0 0 0 0 0 0 0 0 0 
2 6 5 
2 5 4 
0 
1 6 
14 20
1 11 2 12 3 13 4 14 12 18 5 15 12 18 5 15 9 17 0 0 0 0 0 0 0 0 0 0 0 0 0 0 0 0 0 0 0 0 0 0 
0 
2 5 4 
2 5 4 
1 6 
15 20
1 11 2 12 3 13 4 14 5 15 12 18 12 18 5 15 9 17 0 0 0 0 0 0 0 0 0 0 0 0 0 0 0 0 0 0 0 0 0 0 
2 5 4 
2 4 3 
0 
1 6 
16 20
1 11 2 12 3 13 4 14 5 15 12 18 12 18 5 15 9 17 0 0 0 0 0 0 0 0 0 0 0 0 0 0 0 0 0 0 0 0 0 0 
2 4 3 
2 7 6 
0 
1 7 
17 20
1 11 2 12 3 13 4 14 5 15 12 18 12 18 5 15 9 17 0 0 0 0 0 0 0 0 0 0 0 0 0 0 0 0 0 0 0 0 0 0 
0 
2 7 6 
2 7 6 
1 7 
18 20
1 11 2 12 3 13 4 14 5 15 12 18 5 15 12 18 9 17 0 0 0 0 0 0 0 0 0 0 0 0 0 0 0 0 0 0 0 0 0 0 
2 7 6 
2 6 5 
0 
1 7 
19 20
1 11 2 12 3 13 4 14 5 15 12 18 5 15 12 18 9 17 0 0 0 0 0 0 0 0 0 0 0 0 0 0 0 0 0 0 0 0 0 0 
0 
2 6 5 
2 6 5 
1 7 
20 20
1 11 2 12 3 13 4 14 5 15 5 15 12 18 12 18 9 17 0 0 0 0 0 0 0 0 0 0 0 0 0 0 0 0 0 0 0 0 0 0 
2 6 5 
2 5 4 
0 
1 7 
21 20
1 11 2 12 3 13 4 14 5 15 5 15 12 18 12 18 9 17 0 0 0 0 0 0 0 0 0 0 0 0 0 0 0 0 0 0 0 0 0 0 
2 5 4 
2 8 7 
0 
1 8 
22 20
1 11 2 12 3 13 4 14 5 15 5 15 12 18 12 18 9 17 0 0 0 0 0 0 0 0 0 0 0 0 0 0 0 0 0 0 0 0 0 0 
0 
2 8 7 
2 8 7 
1 8 
23 20
1 11 2 12 3 13 4 14 5 15 5 15 12 18 9 17 12 18 0 0 0 0 0 0 0 0 0 0 0 0 0 0 0 0 0 0 0 0 0 0 
2 8 7 
2 7 6 
0 
1 8 
24 20
1 11 2 12 3 13 4 14 5 15 5 15 12 18 9 17 12 18 0 0 0 0 0 0 0 0 0 0 0 0 0 0 0 0 0 0 0 0 0 0 
0 
2 7 6 
2 7 6 
1 8 
25 20
1 11 2 12 3 13 4 14 5 15 5 15 9 17 12 18 12 18 0 0 0 0 0 0 0 0 0 0 0 0 0 0 0 0 0 0 0 0 0 0 
2 7 6 
2 6 5 
0 
1 8 
26 20
1 11 2 12 3 13 4 14 5 15 5 15 9 17 12 18 12 18 0 0 0 0 0 0 0 0 0 0 0 0 0 0 0 0 0 0 0 0 0 0 
2 6 5 
2 9 8 
0 
1 9 
27 20
1 11 2 12 3 13 4 14 5 15 5 15 9 17 12 18 12 18 0 0 0 0 0 0 0 0 0 0 0 0 0 0 0 0 0 0 0 0 0 0 
0 
2 9 8 
2 9 8 
1 9 
28 20
1 11 2 12 3 13 4 14 5 15 5 15 9 17 12 18 0 0 12 18 0 0 0 0 0 0 0 0 0 0 0 0 0 0 0 0 0 0 0 0 
